# Camera list with one line of data per camera:
#   CAMERA_ID, MODEL, WIDTH, HEIGHT, PARAMS[]
# Number of cameras: 44
1 SIMPLE_RADIAL 4000 2250 2977.6769620319537 2000 1125 0.018026555193410041
2 SIMPLE_RADIAL 4000 2250 2950.5386930912978 2000 1125 0.02264956276819562
3 SIMPLE_RADIAL 4000 2250 2958.0114957450955 2000 1125 0.029732617487656279
4 SIMPLE_RADIAL 4000 2250 2958.8807940900051 2000 1125 0.018135110665318355
5 SIMPLE_RADIAL 4000 2250 2928.5267885774861 2000 1125 0.026122965002252124
6 SIMPLE_RADIAL 4000 2250 2930.7193040293928 2000 1125 0.020830032798384298
7 SIMPLE_RADIAL 4000 2250 2937.5695770062789 2000 1125 0.013926460416689594
8 SIMPLE_RADIAL 4000 2250 2931.4220145634472 2000 1125 0.016674511916175534
9 SIMPLE_RADIAL 4000 2250 2931.755928368786 2000 1125 0.014939065530202833
20 SIMPLE_RADIAL 4000 2250 2918.1190139060091 2000 1125 0.024838016710137568
21 SIMPLE_RADIAL 4000 2250 2919.47713786346 2000 1125 0.022719964375305685
22 SIMPLE_RADIAL 4000 2250 2918.7285119026556 2000 1125 0.021771359525173718
23 SIMPLE_RADIAL 4000 2250 2921.7453321776861 2000 1125 0.021437713338203129
24 SIMPLE_RADIAL 4000 2250 2925.4836199111114 2000 1125 0.020962313869033411
25 SIMPLE_RADIAL 4000 2250 2927.5709453176282 2000 1125 0.020534890073965223
26 SIMPLE_RADIAL 4000 2250 2928.6210890825214 2000 1125 0.021315142077114005
27 SIMPLE_RADIAL 4000 2250 2930.7272690994532 2000 1125 0.020687615521211473
28 SIMPLE_RADIAL 4000 2250 2932.9577696729275 2000 1125 0.017741511196308412
29 SIMPLE_RADIAL 4000 2250 2934.8074102422465 2000 1125 0.01517473015972428
30 SIMPLE_RADIAL 4000 2250 2953.4007315317785 2000 1125 0.019959599711359074
31 SIMPLE_RADIAL 4000 2250 2963.021203890894 2000 1125 0.020253570107459228
32 SIMPLE_RADIAL 4000 2250 2972.2068707666631 2000 1125 0.02046049995067974
33 SIMPLE_RADIAL 4000 2250 2972.3868038977107 2000 1125 0.021249412471164866
34 SIMPLE_RADIAL 4000 2250 2967.1296801840685 2000 1125 0.029102848617148434
35 SIMPLE_RADIAL 4000 2250 2978.0691684435901 2000 1125 0.029498297735577148
36 SIMPLE_RADIAL 4000 2250 2977.6289752874286 2000 1125 0.034185303044293944
37 SIMPLE_RADIAL 4000 2250 2948.6608488066399 2000 1125 0.016314163934588229
38 SIMPLE_RADIAL 4000 2250 2908.9713947250975 2000 1125 0.0087836674419142918
39 SIMPLE_RADIAL 4000 2250 2910.7822183962053 2000 1125 0.010627768608823822
40 SIMPLE_RADIAL 4000 2250 2913.9324922004412 2000 1125 0.012258824604540355
41 SIMPLE_RADIAL 4000 2250 2897.898811500525 2000 1125 0.017694952300800846
42 SIMPLE_RADIAL 4000 2250 3195.5704790779082 2000 1125 0.0078818595660532891
43 SIMPLE_RADIAL 4000 2250 3285.5269295841499 2000 1125 0.018855572032525452
44 SIMPLE_RADIAL 4000 2250 2923.51146994899 2000 1125 0.019822247874286849
45 SIMPLE_RADIAL 4000 2250 2935.9050475723011 2000 1125 0.017333898653675617
53 SIMPLE_RADIAL 4000 2250 2930.3728420040902 2000 1125 0.019098055755793458
54 SIMPLE_RADIAL 4000 2250 2967.2720300860133 2000 1125 0.034580372175591637
55 SIMPLE_RADIAL 4000 2250 2968.90229749739 2000 1125 0.031870771659942856
56 SIMPLE_RADIAL 4000 2250 2971.4039254249533 2000 1125 0.032677278439373215
57 SIMPLE_RADIAL 4000 2250 2973.5182309863562 2000 1125 0.020879747312559573
58 SIMPLE_RADIAL 4000 2250 3011.1652277406561 2000 1125 0.017578550241238226
59 SIMPLE_RADIAL 4000 2250 2958.499763916976 2000 1125 0.014658446078604595
60 SIMPLE_RADIAL 4000 2250 2931.4998354077197 2000 1125 0.018160281486531153
61 SIMPLE_RADIAL 4000 2250 2929.1058624132088 2000 1125 0.0075910161117434243
