1 0.72834748311374353 0.0087286948565926652 0.68515075341601106 -0.0014828423544364833 -2.204187297559697 -0.32917772394948513 1.6003678087871147 1 Ref_0001.jpg
2 0.73075530703431146 0.0081934176477294722 0.68258866063978529 -0.0015064907644598158 -1.28837111172652 -0.32979603568609633 1.618149553449302 2 Ref_0002.jpg
3 0.73123632007372141 0.0081659458667644059 0.68207337463672013 -0.0016349754797866422 -0.41050332988359373 -0.32294250916624823 1.6385861456660613 3 Ref_0003.jpg
4 0.95925811240401737 0.0038667707518808456 0.28248784824664347 0.0030882784873076368 -1.6162669918831665 -0.31996513511805441 0.65773672191969523 4 Ref_0004.jpg
5 0.99961186225877807 0.0027345974972446019 -0.027056370381412367 0.0060497627928388469 -0.35196491561414989 -0.29849838408746182 -0.33024336442324159 5 Ref_0005.jpg
6 0.99959392059265606 0.0032406286459613046 -0.027647360479114726 0.0060922654833568254 0.073207088631066036 -0.29372719284786353 -0.3817198769806196 6 Ref_0006.jpg
7 0.99957480277127342 0.0036386308934470701 -0.028393980965565526 0.0055457979514544134 0.61799658639507093 -0.30057745705615557 -0.23796590147946939 7 Ref_0007.jpg
8 0.99955810651026034 0.0035048283070638823 -0.028983887096960918 0.0055894701816644188 1.2995052026893978 -0.30573024051175823 -0.275948915588897 8 Ref_0008.jpg
9 0.99957728225844644 0.0033765695754711268 -0.028467566651129986 0.0048428524325571385 1.8480172724294381 -0.28864615545646588 -0.36583707825343431 9 Ref_0009.jpg
20 0.99978619943464853 0.00035815360081611067 -0.020383412813900312 -0.0034559554507803442 -1.962966026732526 0.12359788243464095 -0.49430623836548687 20 Ref_0020.jpg
21 0.99977546084436963 0.00059588273685517459 -0.020971369265287677 -0.0029790079440956191 -1.6611914962939618 0.12442204321152162 -0.5248865574958631 21 Ref_0021.jpg
22 0.9993710928421411 0.00049381159670955127 -0.035396843927072021 -0.0020587330118859992 -1.3247829890227207 0.11168490223834063 -0.58709148496911123 22 Ref_0022.jpg
23 0.99978242048865917 0.00010779223775289647 -0.020840424330032713 0.00088134920179711344 -1.0335143999555856 0.10107563030686806 -0.56258150605387458 23 Ref_0023.jpg
24 0.99979750260874678 0.00021259104950610225 -0.020111095586164043 0.00067261927031499256 -0.81108019251945618 0.085827238732023442 -0.33679012667349173 24 Ref_0024.jpg
25 0.99979660641168477 0.00014705865069568244 -0.020163751734035916 0.00038379348645905203 -0.5113711497564758 0.078766259788837376 -0.37694065278026223 25 Ref_0025.jpg
26 0.99979582729331284 0.00042119302606244738 -0.02019988810614607 0.0003014030759170366 -0.19950514070077155 0.077091956622829388 -0.4161148434735466 26 Ref_0026.jpg
27 0.99980809585069819 0.00076334396246768713 -0.019573567027121305 0.00025347826495246439 0.037089078440585323 0.083118471635278773 -0.36180362729232668 27 Ref_0027.jpg
28 0.99981454391121616 0.0011043743596737205 -0.019226264700370154 -9.4268508715248094e-05 0.27876899743084133 0.090579879888175563 -0.39732279254621611 28 Ref_0028.jpg
29 0.99982459840395888 0.0016043187671960629 -0.018659224259219249 -0.00017871121881641688 0.50246508765037856 0.090420348385829699 -0.4231102139661263 29 Ref_0029.jpg
30 0.88634692527590064 0.076239031127560253 0.45547433600874238 0.033464420271136344 -1.1652079830056834 -0.57083636190162867 2.0142562382486044 30 sQuery1_0001.jpg
31 0.84205066138092122 0.073998376609596572 0.53289907744816634 0.038645791258436764 -1.6864971979958112 -0.59292345165665639 2.2294344526890568 31 sQuery1_0002.jpg
32 0.80871548938034676 0.072383220223874944 0.58218941404045976 0.042372312251686292 -1.9647596814096644 -0.62624645359311992 2.4649942034860022 32 sQuery1_0003.jpg
33 0.8069230440581896 0.073748594254759672 0.5843675450806044 0.044169198201685876 -2.1301847776101877 -0.65645817831411979 2.4633642042118429 33 sQuery1_0004.jpg
34 0.80565132403205963 0.07491638068639965 0.58596587236038344 0.044243377122168262 -2.7223572027971832 -0.65060871162401868 2.4907391061985207 34 sQuery1_0005.jpg
35 0.76935145481355816 0.072925832998052317 0.6328343989263131 0.047966502826181256 -3.0317828241839306 -0.67821979573434787 2.8231638130235361 35 sQuery1_0006.jpg
36 0.75411976916136991 0.072150469256573438 0.65091217967887205 0.049102116978377873 -3.4622438049637387 -0.69056733163052553 3.0320429814896688 36 sQuery1_0007.jpg
37 0.99925551115223898 0.016476035973899933 0.034711687131378427 0.0034731033612121144 0.50524221643272238 -0.13514778548090142 0.54429155120214401 37 sQuery1_0008.jpg
38 0.99458226111776227 0.06537145912799712 -0.080818072207647071 -0.0010664923795735803 9.107077602889488 -0.048675238026764212 2.2557194683448909 38 sQuery2_0001.jpg
39 0.99444315542868233 0.065731525408339458 -0.082226579428044788 -0.00098327214030008219 8.2465442880266622 -0.016053078043059055 2.2157141997096819 39 sQuery2_0002.jpg
40 0.99432977458078486 0.065258925353323477 -0.083943652343985181 -0.0017422040658341524 6.3751253775306891 -0.028410650698800187 2.1659060566826884 40 sQuery2_0003.jpg
41 0.98901913745275361 0.0646536843772441 -0.13281076150790813 -0.00472741751367274 3.9418086389308979 -0.042796106634276722 2.4185490765859221 41 sQuery2_0004.jpg
42 0.9940912247592133 0.060114441149106038 -0.090325843715796494 -0.0031832026463016051 9.3138278110030654 -0.24990932875259278 3.1665921588913175 42 sQuery2_0005.jpg
43 0.99412731935948695 0.061055519520751909 -0.089319282467463082 -0.0022720516431997996 8.6252762637552607 -0.099938037699371277 2.6370265561473261 43 sQuery2_0006.jpg
44 0.99734218355696203 0.071198887143520809 -0.015369402068357459 -0.0017518126088108615 0.45308059815364188 -0.12634720031062646 -0.57242186040826459 44 sQuery2_0007.jpg
45 0.99948198077680572 0.029546145912782623 -0.012755585298016407 -0.00030067902893659215 0.3930323866960202 -0.17607206309768508 -0.21031231165204511 45 sQuery2_0008.jpg
53 0.99888326026420304 0.0054858652228118162 -0.046842568495709065 0.0028127252689073338 0.50833283865171086 -0.37257611363241516 -0.15849992637156951 53 sQuery3_0008.jpg
54 0.99985544912272406 0.016699084081309507 -0.0027380235932939652 -0.0016506596389690644 -3.7690876065295731 0.53135515273332723 1.3325234474218368 54 sQuery4_0001.jpg
55 0.99986277281676972 0.015355179888027547 -0.0062158886024141578 -0.00012928514860939522 -2.5025818793525656 0.49186661199197723 1.3617406008604929 55 sQuery4_0002.jpg
56 0.99978708585885678 0.016105269316785784 -0.012740237406423735 0.0020222761722024215 -0.77862842769229967 0.51232924092862053 1.2143081662222619 56 sQuery4_0003.jpg
57 0.99970678470913144 0.018258056926206592 -0.015783797778471071 0.0019646097571941711 0.38564129953174042 0.56875111904192865 1.0505163385885901 57 sQuery4_0004.jpg
58 0.97913259436087696 0.20265232508608846 -0.01503483905488172 -0.0023133118973251788 0.35675305814665298 0.057064382934058126 1.2184736774969249 58 sQuery4_0005.jpg
59 0.99872896537954847 0.046850290811922546 -0.018565624267744385 0.00090639852392036639 1.271154860830402 0.31950092428002863 1.0259536205744015 59 sQuery4_0006.jpg
60 0.99868196224070116 0.047646072712919998 -0.018933145773211757 0.0023929147975218119 2.5193352216965836 0.32261631732471785 0.88668546782188518 60 sQuery4_0007.jpg
61 0.99874843141024383 0.046998680272929201 -0.016610843102486068 0.0040956928113760555 4.185421035969501 0.3429583925384494 0.91360455234563265 61 sQuery4_0008.jpg
